codigo	codigoselo	tipo	seloatopai	datarecolhimento	valoremolumento	valorfrj	valorfrc	selovalor	naturezaato	tipoparticipacao
1146	843322	101	1146	14/01/2022	106,4	15,96	2,66	0,85	4999	4000
1147	843323	101	1147	21/01/2022	316	47,4	7,9	0,85	4001	4000
1148	843324	101	1148	22/01/2022	316	47,4	7,9	0,85	4001	4000
1148	843324	101	1148	22/01/2022	316	47,4	7,9	0,85	4001	4000
1149	843325	101	1149	28/01/2022	316	47,4	7,9	0,85	4001	4000
746	308194	102	746	14/01/2022	0	0	0	0	4001	4000
747	308195	102	747	19/01/2022	0	0	0	0	4009	4000
748	308196	102	748	19/01/2022	0	0	0	0	4009	4000
749	308197	102	749	20/01/2022	0	0	0	0	4008	4000
749	308197	102	749	20/01/2022	0	0	0	0	4008	4000
750	308198	102	750	20/01/2022	0	0	0	0	4001	4000
750	308198	102	750	20/01/2022	0	0	0	0	4001	4000
1196	2389564	104	1196	06/01/2022	6,4	0,96	0,16	0,45	3018	3031
1197	2389565	104	1197	06/01/2022	6,4	0,96	0,16	0,45	3018	3031
1198	2389566	104	1198	06/01/2022	6,4	0,96	0,16	0,45	3018	3031
1199	2389567	104	1199	06/01/2022	6,4	0,96	0,16	0,45	3018	3031
1200	2389568	104	1200	06/01/2022	6,4	0,96	0,16	0,45	3018	3031
1201	2389569	104	1201	06/01/2022	6,4	0,96	0,16	0,45	3018	3032
1202	2389570	104	1202	06/01/2022	6,4	0,96	0,16	0,45	3018	3031
1203	2389571	104	1203	06/01/2022	6,4	0,96	0,16	0,45	3018	3031
1204	2389572	104	1204	06/01/2022	6,4	0,96	0,16	0,45	3018	3032
1205	2389573	104	1205	06/01/2022	6,4	0,96	0,16	0,45	3018	3031
1206	2389574	104	1206	06/01/2022	6,4	0,96	0,16	0,45	3018	3031
1207	2389575	104	1207	06/01/2022	6,4	0,96	0,16	0,45	3018	3031
1208	2389576	104	1208	07/01/2022	6,4	0,96	0,16	0,45	3018	3031
1209	2389577	104	1209	07/01/2022	6,4	0,96	0,16	0,45	3018	3031
1210	2389578	104	1210	07/01/2022	6,4	0,96	0,16	0,45	3018	3031
1211	2389579	104	1211	07/01/2022	6,4	0,96	0,16	0,45	3018	3031
1212	2389580	104	1212	07/01/2022	6,4	0,96	0,16	0,45	3018	3031
1213	2389581	104	1213	07/01/2022	6,4	0,96	0,16	0,45	3018	3031
1214	2389582	104	1214	07/01/2022	6,4	0,96	0,16	0,45	3018	3031
1215	2389583	104	1215	07/01/2022	6,4	0,96	0,16	0,45	3018	3031
1216	2389584	104	1216	07/01/2022	6,4	0,96	0,16	0,45	3018	3031
1217	2389585	104	1217	10/01/2022	6,4	0,96	0,16	0,45	3018	3031
1218	2389586	104	1218	10/01/2022	6,4	0,96	0,16	0,45	3018	3032
1219	2389587	104	1219	10/01/2022	6,4	0,96	0,16	0,45	3018	3031
1220	2389588	104	1220	10/01/2022	6,4	0,96	0,16	0,45	3018	3031
1221	2389589	104	1221	10/01/2022	6,4	0,96	0,16	0,45	3018	3032
1222	2389590	104	1222	10/01/2022	6,4	0,96	0,16	0,45	3018	3032
1223	2389591	104	1223	10/01/2022	6,4	0,96	0,16	0,45	3018	3031
1224	2389592	104	1224	10/01/2022	6,4	0,96	0,16	0,45	3018	3031
1225	2389593	104	1225	10/01/2022	6,4	0,96	0,16	0,45	3018	3031
1226	2389594	104	1226	10/01/2022	6,4	0,96	0,16	0,45	3018	3031
1227	2389595	104	1227	10/01/2022	6,4	0,96	0,16	0,45	3018	3031
1228	2389596	104	1228	10/01/2022	6,4	0,96	0,16	0,45	3018	3031
1229	2389597	104	1229	10/01/2022	6,4	0,96	0,16	0,45	3018	3031
1230	2389598	104	1230	10/01/2022	6,4	0,96	0,16	0,45	3018	3031
1231	2389599	104	1231	11/01/2022	6,4	0,96	0,16	0,45	3018	3032
1232	2389600	104	1232	11/01/2022	6,4	0,96	0,16	0,45	3018	3032
1233	2389601	104	1233	11/01/2022	6,4	0,96	0,16	0,45	3018	3032
1234	2389602	104	1234	11/01/2022	6,4	0,96	0,16	0,45	3018	3031
1235	2389603	104	1235	11/01/2022	6,4	0,96	0,16	0,45	3018	3031
1236	2389604	104	1236	11/01/2022	6,4	0,96	0,16	0,45	3018	3031
1237	2389605	104	1237	11/01/2022	6,4	0,96	0,16	0,45	3018	3031
1238	2389606	104	1238	11/01/2022	6,4	0,96	0,16	0,45	3018	3032
1239	2389607	104	1239	11/01/2022	6,4	0,96	0,16	0,45	3018	3031
1240	2389608	104	1240	11/01/2022	6,4	0,96	0,16	0,45	3018	3031
1241	2389609	104	1241	11/01/2022	6,4	0,96	0,16	0,45	3018	3031
1242	2389610	104	1242	11/01/2022	6,4	0,96	0,16	0,45	3018	3031
1243	2389611	104	1243	11/01/2022	6,4	0,96	0,16	0,45	3018	3031
1244	2389612	104	1244	11/01/2022	6,4	0,96	0,16	0,45	3018	3031
1245	2389613	104	1245	11/01/2022	6,4	0,96	0,16	0,45	3018	3031
1246	2389614	104	1246	11/01/2022	6,4	0,96	0,16	0,45	3018	3031
1247	2389615	104	1247	11/01/2022	6,4	0,96	0,16	0,45	3018	3031
1248	2389616	104	1248	12/01/2022	6,4	0,96	0,16	0,45	3018	3031
1249	2389617	104	1249	12/01/2022	6,4	0,96	0,16	0,45	3018	3031
1250	2389618	104	1250	12/01/2022	6,4	0,96	0,16	0,45	3018	3031
1251	2389619	104	1251	12/01/2022	6,4	0,96	0,16	0,45	3018	3031
1252	2389620	104	1252	12/01/2022	6,4	0,96	0,16	0,45	3018	3031
1253	2389621	104	1253	12/01/2022	6,4	0,96	0,16	0,45	3018	3031
1254	2389622	104	1254	12/01/2022	6,4	0,96	0,16	0,45	3018	3032
1255	2389623	104	1255	12/01/2022	6,4	0,96	0,16	0,45	3018	3031
1256	2389624	104	1256	12/01/2022	6,4	0,96	0,16	0,45	3018	3031
1257	2389625	104	1257	13/01/2022	6,4	0,96	0,16	0,45	3018	3031
1258	2389626	104	1258	13/01/2022	6,4	0,96	0,16	0,45	3018	3031
1259	2389627	104	1259	13/01/2022	6,4	0,96	0,16	0,45	3018	3031
1260	2389628	104	1260	13/01/2022	6,4	0,96	0,16	0,45	3018	3031
1261	2389629	104	1261	13/01/2022	6,4	0,96	0,16	0,45	3018	3032
1262	2389630	104	1262	14/01/2022	6,4	0,96	0,16	0,45	3018	3031
1263	2389631	104	1263	14/01/2022	6,4	0,96	0,16	0,45	3018	3031
1264	2389632	104	1264	14/01/2022	6,4	0,96	0,16	0,45	3018	3031
1265	2389633	104	1265	14/01/2022	6,4	0,96	0,16	0,45	3018	3031
1266	2389634	104	1266	14/01/2022	6,4	0,96	0,16	0,45	3018	3031
1267	2389635	104	1267	14/01/2022	6,4	0,96	0,16	0,45	3018	3031
1268	2389636	104	1268	14/01/2022	6,4	0,96	0,16	0,45	3018	3031
1269	2389637	104	1269	14/01/2022	6,4	0,96	0,16	0,45	3018	3031
1270	2389638	104	1270	14/01/2022	6,4	0,96	0,16	0,45	3018	3031
1271	2389639	104	1271	14/01/2022	6,4	0,96	0,16	0,45	3018	3031
1272	2389640	104	1272	14/01/2022	6,4	0,96	0,16	0,45	3018	3031
1273	2389641	104	1273	17/01/2022	6,4	0,96	0,16	0,45	3018	3031
1274	2389642	104	1274	17/01/2022	6,4	0,96	0,16	0,45	3018	3031
1275	2389643	104	1275	17/01/2022	6,4	0,96	0,16	0,45	3018	3031
1276	2389644	104	1276	17/01/2022	6,4	0,96	0,16	0,45	3018	3031
1277	2389645	104	1277	17/01/2022	6,4	0,96	0,16	0,45	3018	3031
1278	2389646	104	1278	17/01/2022	6,4	0,96	0,16	0,45	3018	3031
1279	2389647	104	1279	17/01/2022	6,4	0,96	0,16	0,45	3018	3031
1280	2389648	104	1280	17/01/2022	6,4	0,96	0,16	0,45	3018	3031
1281	2389649	104	1281	17/01/2022	6,4	0,96	0,16	0,45	3018	3031
1282	2389650	104	1282	17/01/2022	6,4	0,96	0,16	0,45	3018	3031
1283	2389651	104	1283	17/01/2022	6,4	0,96	0,16	0,45	3018	3031
1284	2389652	104	1284	17/01/2022	6,4	0,96	0,16	0,45	3018	3031
1285	2389653	104	1285	17/01/2022	6,4	0,96	0,16	0,45	3018	3031
1286	2389654	104	1286	17/01/2022	6,4	0,96	0,16	0,45	3018	3031
1287	2389655	104	1287	17/01/2022	6,4	0,96	0,16	0,45	3018	3031
1288	2389656	104	1288	17/01/2022	6,4	0,96	0,16	0,45	3018	3031
1289	2389657	104	1289	17/01/2022	6,4	0,96	0,16	0,45	3018	3031
1290	2389658	104	1290	17/01/2022	6,4	0,96	0,16	0,45	3018	3032
1291	2389659	104	1291	17/01/2022	6,4	0,96	0,16	0,45	3018	3031
1292	2389660	104	1292	17/01/2022	6,4	0,96	0,16	0,45	3018	3031
1293	2389661	104	1293	17/01/2022	6,4	0,96	0,16	0,45	3018	3031
1294	2389662	104	1294	17/01/2022	6,4	0,96	0,16	0,45	3018	3031
1295	2389663	104	1295	18/01/2022	6,4	0,96	0,16	0,45	3018	3031
1296	2389664	104	1296	18/01/2022	6,4	0,96	0,16	0,45	3018	3032
1297	2389665	104	1297	18/01/2022	6,4	0,96	0,16	0,45	3018	3031
1298	2389666	104	1298	18/01/2022	6,4	0,96	0,16	0,45	3018	3032
1299	2389667	104	1299	18/01/2022	6,4	0,96	0,16	0,45	3018	3031
1300	2389668	104	1300	18/01/2022	6,4	0,96	0,16	0,45	3018	3031
1301	2389669	104	1301	18/01/2022	6,4	0,96	0,16	0,45	3018	3031
1302	2389670	104	1302	18/01/2022	6,4	0,96	0,16	0,45	3018	3031
1303	2389671	104	1303	18/01/2022	6,4	0,96	0,16	0,45	3018	3031
1304	2389672	104	1304	18/01/2022	6,4	0,96	0,16	0,45	3018	3031
1305	2389673	104	1305	18/01/2022	6,4	0,96	0,16	0,45	3018	3031
1306	2389674	104	1306	19/01/2022	6,4	0,96	0,16	0,45	3018	3031
1307	2389675	104	1307	19/01/2022	6,4	0,96	0,16	0,45	3018	3031
1308	2389676	104	1307	19/01/2022	6,4	0,96	0,16	0,45	3018	3031
1309	2389677	104	1309	19/01/2022	6,4	0,96	0,16	0,45	3018	3031
1310	2389678	104	1310	19/01/2022	6,4	0,96	0,16	0,45	3018	3031
1311	2389679	104	1311	19/01/2022	6,4	0,96	0,16	0,45	3018	3031
1312	2389680	104	1311	19/01/2022	6,4	0,96	0,16	0,45	3018	3031
1313	2389681	104	1313	19/01/2022	6,4	0,96	0,16	0,45	3018	3032
1314	2389682	104	1313	19/01/2022	6,4	0,96	0,16	0,45	3018	3032
1315	2389683	104	1315	20/01/2022	6,4	0,96	0,16	0,45	3018	3031
1316	2389684	104	1315	20/01/2022	6,4	0,96	0,16	0,45	3018	3031
1317	2389685	104	1317	20/01/2022	6,4	0,96	0,16	0,45	3018	3031
1318	2389686	104	1317	20/01/2022	6,4	0,96	0,16	0,45	3018	3031
1319	2389687	104	1319	20/01/2022	6,4	0,96	0,16	0,45	3018	3031
1320	2389688	104	1320	20/01/2022	6,4	0,96	0,16	0,45	3018	3031
1321	2389689	104	1320	20/01/2022	6,4	0,96	0,16	0,45	3018	3031
1322	2389690	104	1322	21/01/2022	6,4	0,96	0,16	0,45	3018	3031
1323	2389691	104	1323	21/01/2022	6,4	0,96	0,16	0,45	3018	3032
1324	2389692	104	1324	21/01/2022	6,4	0,96	0,16	0,45	3018	3031
1325	2389693	104	1325	21/01/2022	6,4	0,96	0,16	0,45	3018	3031
1326	2389694	104	1326	21/01/2022	6,4	0,96	0,16	0,45	3018	3031
1327	2389695	104	1326	21/01/2022	6,4	0,96	0,16	0,45	3018	3031
1328	2389696	104	1328	21/01/2022	6,4	0,96	0,16	0,45	3018	3031
1329	2389697	104	1329	21/01/2022	6,4	0,96	0,16	0,45	3018	3031
1330	2389698	104	1329	21/01/2022	6,4	0,96	0,16	0,45	3018	3031
1331	2389699	104	1331	21/01/2022	6,4	0,96	0,16	0,45	3018	3031
1332	2389700	104	1331	21/01/2022	6,4	0,96	0,16	0,45	3018	3031
1333	2389701	104	1333	21/01/2022	6,4	0,96	0,16	0,45	3018	3031
1334	2389702	104	1334	21/01/2022	6,4	0,96	0,16	0,45	3018	3032
1335	2389703	104	1335	21/01/2022	6,4	0,96	0,16	0,45	3018	3031
1336	2389704	104	1336	21/01/2022	6,4	0,96	0,16	0,45	3018	3031
1337	2389705	104	1337	21/01/2022	6,4	0,96	0,16	0,45	3018	3031
1338	2389706	104	1338	21/01/2022	6,4	0,96	0,16	0,45	3018	3031
1339	2389707	104	1338	21/01/2022	6,4	0,96	0,16	0,45	3018	3031
1340	2389708	104	1340	24/01/2022	6,4	0,96	0,16	0,45	3018	3031
1341	2389709	104	1341	24/01/2022	6,4	0,96	0,16	0,45	3018	3031
1342	2389710	104	1341	24/01/2022	6,4	0,96	0,16	0,45	3018	3031
1343	2389711	104	1341	24/01/2022	6,4	0,96	0,16	0,45	3018	3031
1344	2389712	104	1344	24/01/2022	6,4	0,96	0,16	0,45	3018	3031
1345	2389713	104	1344	24/01/2022	6,4	0,96	0,16	0,45	3018	3031
1346	2389714	104	1346	24/01/2022	6,4	0,96	0,16	0,45	3018	3031
1347	2389715	104	1347	24/01/2022	6,4	0,96	0,16	0,45	3018	3031
1348	2389716	104	1347	24/01/2022	6,4	0,96	0,16	0,45	3018	3031
1349	2389717	104	1349	24/01/2022	6,4	0,96	0,16	0,45	3018	3032
1350	2389718	104	1350	24/01/2022	6,4	0,96	0,16	0,45	3018	3031
1351	2389719	104	1351	24/01/2022	6,4	0,96	0,16	0,45	3018	3032
1352	2389720	104	1352	24/01/2022	6,4	0,96	0,16	0,45	3018	3031
1353	2389721	104	1353	24/01/2022	6,4	0,96	0,16	0,45	3018	3031
1354	2389722	104	1353	24/01/2022	6,4	0,96	0,16	0,45	3018	3031
1355	2389723	104	1355	24/01/2022	6,4	0,96	0,16	0,45	3018	3031
1356	2389724	104	1355	24/01/2022	6,4	0,96	0,16	0,45	3018	3031
1357	2389725	104	1355	24/01/2022	6,4	0,96	0,16	0,45	3018	3031
1358	2389726	104	1358	25/01/2022	6,4	0,96	0,16	0,45	3018	3031
1359	2389727	104	1359	25/01/2022	6,4	0,96	0,16	0,45	3018	3031
1360	2389728	104	1360	25/01/2022	6,4	0,96	0,16	0,45	3018	3032
1361	2389729	104	1360	25/01/2022	6,4	0,96	0,16	0,45	3018	3032
1362	2389730	104	1362	25/01/2022	6,4	0,96	0,16	0,45	3018	3031
1363	2389731	104	1363	25/01/2022	6,4	0,96	0,16	0,45	3018	3031
1364	2389732	104	1363	25/01/2022	6,4	0,96	0,16	0,45	3018	3031
1365	2389733	104	1363	25/01/2022	6,4	0,96	0,16	0,45	3018	3031
1366	2389734	104	1366	25/01/2022	6,4	0,96	0,16	0,45	3018	3031
1367	2389735	104	1366	25/01/2022	6,4	0,96	0,16	0,45	3018	3031
1368	2389736	104	1368	25/01/2022	6,4	0,96	0,16	0,45	3018	3031
1369	2389737	104	1369	25/01/2022	6,4	0,96	0,16	0,45	3018	3031
1370	2389738	104	1370	25/01/2022	6,4	0,96	0,16	0,45	3018	3031
1371	2389739	104	1370	25/01/2022	6,4	0,96	0,16	0,45	3018	3031
1372	2389740	104	1372	26/01/2022	6,4	0,96	0,16	0,45	3018	3031
1373	2389741	104	1372	26/01/2022	6,4	0,96	0,16	0,45	3018	3031
1374	2389742	104	1374	26/01/2022	6,4	0,96	0,16	0,45	3018	3031
1375	2389743	104	1374	26/01/2022	6,4	0,96	0,16	0,45	3018	3031
1376	2389744	104	1376	26/01/2022	6,4	0,96	0,16	0,45	3018	3031
1377	2389745	104	1377	26/01/2022	6,4	0,96	0,16	0,45	3018	3031
1378	2389746	104	1378	27/01/2022	6,4	0,96	0,16	0,45	3018	3031
1379	2389747	104	1379	27/01/2022	6,4	0,96	0,16	0,45	3018	3031
1380	2389748	104	1379	27/01/2022	6,4	0,96	0,16	0,45	3018	3031
1381	2389749	104	1381	27/01/2022	6,4	0,96	0,16	0,45	3018	3031
1382	2389750	104	1381	27/01/2022	6,4	0,96	0,16	0,45	3018	3031
1383	2389751	104	1383	27/01/2022	6,4	0,96	0,16	0,45	3018	3031
1384	2389752	104	1384	27/01/2022	6,4	0,96	0,16	0,45	3018	3031
1385	2389753	104	1385	27/01/2022	6,4	0,96	0,16	0,45	3018	3031
1386	2389754	104	1386	27/01/2022	6,4	0,96	0,16	0,45	3018	3031
1387	2389755	104	1387	27/01/2022	6,4	0,96	0,16	0,45	3018	3031
1388	2389756	104	1388	28/01/2022	6,4	0,96	0,16	0,45	3018	3031
1389	2389757	104	1388	28/01/2022	6,4	0,96	0,16	0,45	3018	3031
1390	2389758	104	1390	28/01/2022	6,4	0,96	0,16	0,45	3018	3031
1391	2389759	104	1390	28/01/2022	6,4	0,96	0,16	0,45	3018	3031
1392	2389760	104	1392	31/01/2022	6,4	0,96	0,16	0,45	3018	3032
1393	2389761	104	1393	31/01/2022	6,4	0,96	0,16	0,45	3018	3031
1394	2389762	104	1394	31/01/2022	6,4	0,96	0,16	0,45	3018	3032
1395	2389763	104	1395	31/01/2022	6,4	0,96	0,16	0,45	3018	3031
1396	2389764	104	1395	31/01/2022	6,4	0,96	0,16	0,45	3018	3031
1397	2389765	104	1397	31/01/2022	6,4	0,96	0,16	0,45	3018	3031
1398	2389766	104	1397	31/01/2022	6,4	0,96	0,16	0,45	3018	3031
1399	2389767	104	1399	31/01/2022	6,4	0,96	0,16	0,45	3018	3031
1400	2389768	104	1400	31/01/2022	6,4	0,96	0,16	0,45	3018	3032
1401	2389769	104	1401	31/01/2022	6,4	0,96	0,16	0,45	3018	3031
1402	2389770	104	1401	31/01/2022	6,4	0,96	0,16	0,45	3018	3031
1403	2389771	104	1403	31/01/2022	6,4	0,96	0,16	0,45	3018	3031
946	707875	105	946	06/01/2022	6,4	0,96	0,16	0,85	3019	3007
947	707876	105	947	06/01/2022	6,4	0,96	0,16	0,85	3019	3006
948	707877	105	948	06/01/2022	6,4	0,96	0,16	0,85	3019	3006
949	707878	105	949	06/01/2022	6,4	0,96	0,16	0,85	3019	3006
950	707879	105	950	06/01/2022	6,4	0,96	0,16	0,85	3019	3006
951	707880	105	951	06/01/2022	6,4	0,96	0,16	0,85	3019	3006
952	707881	105	952	06/01/2022	6,4	0,96	0,16	0,85	3019	3006
953	707882	105	953	06/01/2022	6,4	0,96	0,16	0,85	3019	3006
954	707883	105	954	10/01/2022	6,4	0,96	0,16	0,85	3019	3006
955	707884	105	955	10/01/2022	6,4	0,96	0,16	0,85	3019	3006
956	707885	105	956	10/01/2022	6,4	0,96	0,16	0,85	3019	3006
957	707886	105	957	14/01/2022	6,4	0,96	0,16	0,85	3019	3006
958	707887	105	958	14/01/2022	6,4	0,96	0,16	0,85	3019	3006
959	707888	105	959	14/01/2022	6,4	0,96	0,16	0,85	3019	3006
960	707889	105	960	17/01/2022	6,4	0,96	0,16	0,85	3019	3006
961	707890	105	961	18/01/2022	6,4	0,96	0,16	0,85	3019	3006
962	707891	105	962	18/01/2022	6,4	0,96	0,16	0,85	3019	3006
963	707892	105	963	18/01/2022	6,4	0,96	0,16	0,85	3019	3006
964	707893	105	964	18/01/2022	6,4	0,96	0,16	0,85	3019	3006
965	707894	105	965	18/01/2022	6,4	0,96	0,16	0,85	3019	3006
966	707895	105	966	18/01/2022	6,4	0,96	0,16	0,85	3019	3006
967	707896	105	967	18/01/2022	6,4	0,96	0,16	0,85	3019	3006
968	707897	105	968	24/01/2022	6,4	0,96	0,16	0,85	3019	3006
969	707898	105	969	24/01/2022	6,4	0,96	0,16	0,85	3019	3006
970	707899	105	970	24/01/2022	6,4	0,96	0,16	0,85	3019	3006
971	707900	105	971	24/01/2022	6,4	0,96	0,16	0,85	3019	3006
972	707901	105	972	25/01/2022	6,4	0,96	0,16	0,85	3019	3006
973	707902	105	973	25/01/2022	6,4	0,96	0,16	0,85	3019	3006
974	707903	105	974	25/01/2022	6,4	0,96	0,16	0,85	3019	3006
975	707904	105	975	25/01/2022	6,4	0,96	0,16	0,85	3019	3006
976	707905	105	976	25/01/2022	6,4	0,96	0,16	0,85	3019	3006
977	707906	105	977	25/01/2022	6,4	0,96	0,16	0,85	3019	3006
846	526802	106	846	07/01/2022	159,6	23,94	3,99	1,45	4000	4000
847	526803	106	847	07/01/2022	159,6	23,94	3,99	1,45	4000	4001
848	526804	106	848	07/01/2022	159,6	23,94	3,99	1,45	4000	4001
849	526805	106	849	07/01/2022	159,6	23,94	3,99	1,45	4000	4001
850	526806	106	850	10/01/2022	159,6	23,94	3,99	1,45	4001	4001
851	526807	106	851	10/01/2022	159,6	23,94	3,99	1,45	4000	4000
852	526808	106	852	10/01/2022	159,6	23,94	3,99	1,45	4001	4000
853	526809	106	853	10/01/2022	159,6	23,94	3,99	1,45	4001	4001
854	526810	106	854	12/01/2022	159,6	23,94	3,99	1,45	4000	4000
855	526811	106	855	12/01/2022	159,6	23,94	3,99	1,45	4000	4000
856	526812	106	856	13/01/2022	159,6	23,94	3,99	1,45	4000	4001
857	526813	106	857	14/01/2022	159,6	23,94	3,99	1,45	4000	4000
858	526814	106	858	14/01/2022	159,6	23,94	3,99	1,45	4001	4001
859	526815	106	859	20/01/2022	159,6	23,94	3,99	1,45	4000	4001
859	526815	106	859	20/01/2022	159,6	23,94	3,99	1,45	4000	4000
860	526816	106	860	21/01/2022	159,6	23,94	3,99	1,45	4000	4000
861	526817	106	861	21/01/2022	159,6	23,94	3,99	1,45	4000	4001
862	526818	106	862	26/01/2022	159,6	23,94	3,99	1,45	4001	4000
862	526818	106	862	26/01/2022	159,6	23,94	3,99	1,45	4001	4000
863	526819	106	863	26/01/2022	159,6	23,94	3,99	1,45	4000	4001
864	526820	106	864	27/01/2022	159,6	23,94	3,99	1,45	4000	4000
865	526821	106	865	27/01/2022	159,6	23,94	3,99	1,45	4000	4000
866	526822	106	866	27/01/2022	159,6	23,94	3,99	1,45	4001	4000
867	526823	106	867	28/01/2022	159,6	23,94	3,99	1,45	4001	4000
867	526823	106	867	28/01/2022	159,6	23,94	3,99	1,45	4001	4001
867	526823	106	867	28/01/2022	159,6	23,94	3,99	1,45	4001	4000
321	42632	107	321	17/01/2022	49,2	7,38	1,23	7,15	3036	3003
321	42632	107	321	17/01/2022	49,2	7,38	1,23	7,15	3036	3004
322	42633	107	322	18/01/2022	49,2	7,38	1,23	7,15	3036	3004
322	42633	107	322	18/01/2022	49,2	7,38	1,23	7,15	3036	3003
323	42634	107	323	19/01/2022	49,2	7,38	1,23	7,15	3036	3004
323	42634	107	323	19/01/2022	49,2	7,38	1,23	7,15	3036	3003
324	42635	107	324	21/01/2022	245,6	36,84	6,14	7,15	3036	3004
324	42635	107	324	21/01/2022	245,6	36,84	6,14	7,15	3036	3003
325	42636	107	325	24/01/2022	245,6	36,84	6,14	7,15	3036	3003
325	42636	107	325	24/01/2022	245,6	36,84	6,14	7,15	3036	3002
325	42636	107	325	24/01/2022	245,6	36,84	6,14	7,15	3036	3004
326	42637	107	326	25/01/2022	245,6	36,84	6,14	7,15	3036	3002
326	42637	107	326	25/01/2022	245,6	36,84	6,14	7,15	3036	3003
326	42637	107	326	25/01/2022	245,6	36,84	6,14	7,15	3036	3004
327	42638	107	327	25/01/2022	49,2	7,38	1,23	7,15	3036	3004
327	42638	107	327	25/01/2022	49,2	7,38	1,23	7,15	3036	3002
327	42638	107	327	25/01/2022	49,2	7,38	1,23	7,15	3036	3003
101	29359	108	101	17/01/2022	575,1	86,27	14,38	14,25	3010	3003
101	29359	108	101	17/01/2022	575,1	86,27	14,38	14,25	3010	3003
546	74166	109	546	10/01/2022	0	0	0	0	4000	4001
547	74167	109	547	10/01/2022	0	0	0	0	4000	4001
548	74168	109	548	11/01/2022	0	0	0	0	4000	4001
549	74169	109	549	11/01/2022	0	0	0	0	4000	4001
550	74170	109	550	12/01/2022	0	0	0	0	4000	4001
551	74171	109	551	13/01/2022	0	0	0	0	4000	4001
552	74172	109	552	14/01/2022	0	0	0	0	4000	4001
553	74173	109	553	14/01/2022	0	0	0	0	4000	4001
554	74174	109	554	17/01/2022	0	0	0	0	4000	4001
555	74175	109	555	18/01/2022	0	0	0	0	4000	4001
556	74176	109	556	19/01/2022	0	0	0	0	4000	4001
557	74177	109	557	26/01/2022	0	0	0	0	4000	4001
558	74178	109	558	31/01/2022	0	0	0	0	4000	4001
121	39561	110	121	10/01/2022	0	0	0	0	4002	4001
122	39562	110	122	10/01/2022	0	0	0	0	4002	4001
123	39563	110	123	17/01/2022	0	0	0	0	4002	4001
124	39564	110	124	18/01/2022	0	0	0	0	4002	4001
125	39565	110	125	19/01/2022	0	0	0	0	4002	4001
346	46611	111	346	10/01/2022	0	0	0	0	4000	4001
347	46612	111	347	11/01/2022	0	0	0	0	4000	4001
348	46613	111	348	11/01/2022	0	0	0	0	4000	4001
349	46614	111	349	12/01/2022	0	0	0	0	4000	4000
350	46615	111	350	12/01/2022	0	0	0	0	4000	4000
351	46616	111	351	19/01/2022	0	0	0	0	4000	4000
352	46617	111	352	24/01/2022	0	0	0	0	4000	4000
1	13548	112	1	20/01/2022	0	0	0	0	4002	4000
